 y_true y_pred
0 4.17 3.7861400000000023
1 2.79 1.9112999999999998
2 5.3 3.880100000000003
3 3.53 3.560920000000003
4 4.35 3.298000000000001
5 6.21 5.080200000000004
6 3.14 2.1046999999999993
7 2.34 3.072680000000002
8 2.98 2.2696000000000005
9 4.5 4.037700000000002
10 3.96 3.724400000000002
11 3.69 4.070180000000002
12 4.0 4.159600000000003
13 3.24 0.5990999999999995
14 5.38 3.8132800000000024
15 2.68 3.0374800000000013
16 2.49 0.8151999999999997
17 4.28 3.575380000000002
18 3.3 2.7148200000000005
19 4.14 3.7155800000000028
20 2.46 -0.021420000000000217
21 5.48 4.205500000000003
22 3.68 2.8732000000000006
23 2.46 1.146500000000001
24 3.65 3.7719200000000015
25 2.82 2.4801200000000003
26 3.9 3.085140000000001
27 3.92 2.9523400000000013
28 3.58 1.7339
29 1.8 1.2968
30 2.44 1.534
31 3.83 2.9503000000000004
32 2.79 3.655800000000002
33 2.34 1.8045
34 2.92 2.647380000000001
35 2.67 3.0124000000000013
36 3.3 3.114600000000001
37 2.66 1.9767
38 3.45 2.726860000000001
39 4.97 3.611900000000002
40 2.85 2.713700000000001
41 2.7 2.8333400000000006
42 3.33 2.8886200000000013
43 5.45 4.2547200000000025
44 2.71 2.9106000000000005
45 3.24 2.657180000000001
46 4.76 3.6343400000000026
47 4.64 3.401080000000002
48 3.24 1.7386599999999999
49 3.2 3.352500000000002
50 2.6 2.5016000000000007
51 3.61 4.2622000000000035
52 3.19 2.0113000000000003
53 2.69 2.673700000000001
54 5.92 3.5439400000000028
55 5.01 3.005580000000002
56 5.05 4.089920000000004
57 3.07 4.034180000000003
58 2.76 1.6516000000000002
59 4.48 3.317280000000002
60 4.41 3.3141800000000012
61 5.27 3.506000000000001
62 4.93 4.434900000000004
63 3.69 2.1782199999999996
64 4.55 3.8313200000000016
65 3.55 3.506000000000001
66 3.95 3.9830000000000023
67 4.22 3.0039000000000016
68 3.72 2.7959000000000014
69 1.55 1.5221999999999998
70 4.14 4.808040000000004
71 2.77 0.7556999999999998
72 4.18 3.4989000000000017
73 5.5 4.367740000000003
74 4.47 4.603400000000002
75 2.09 0.6439599999999999
76 1.88 2.2008
77 2.75 1.736
78 3.19 3.429240000000001
79 3.47 3.630200000000003
80 2.3 1.2283000000000002
81 4.7 3.4461400000000024
82 2.45 2.4687
83 4.5 3.496540000000002
84 4.55 3.641300000000003
85 3.62 3.585910000000002
86 2.71 0.7049399999999995
87 2.78 0.8257000000000005
88 4.62 2.7139000000000006
89 3.37 4.568800000000004
90 3.8 3.1175000000000015
91 2.93 2.08192
92 3.62 3.5988000000000024
93 3.19 0.5302
94 4.75 3.3508200000000024
95 4.07 2.3801000000000005
96 4.52 3.715180000000002
97 2.05 1.6792
98 2.68 0.8571199999999999
99 3.13 2.8228
100 3.92 2.5948200000000003
101 3.48 3.5553000000000026
102 4.94 4.034500000000002
103 1.59 3.7818600000000027
104 4.09 4.665180000000002
105 4.55 4.156280000000002
106 5.06 3.8853000000000018
107 3.37 4.764660000000005
108 2.95 3.071180000000002
109 2.55 1.9273
110 4.0 4.871140000000003
111 1.74 1.2104200000000003
112 2.93 -0.1160000000000001
113 3.9 3.641440000000003
114 5.1 4.237320000000002
115 3.02 2.7609000000000004
116 3.3 2.7838200000000004
117 4.58 3.3378000000000023
118 3.74 2.280500000000001
119 5.36 -0.1160000000000001
120 4.41 3.9855000000000027
121 4.79 3.7984000000000027
122 1.61 0.6112999999999997
123 4.25 1.9936399999999996
124 2.89 2.2771999999999997
125 4.91 3.3866000000000014
126 3.43 4.282880000000004
127 5.39 4.396180000000003
128 2.69 1.9735999999999998
129 4.75 3.850800000000003
130 3.1 2.4446
131 2.31 1.7017999999999998
132 3.71 3.3125000000000018
133 4.34 2.3232999999999997
134 3.47 4.489540000000003
135 5.07 3.6342000000000017
136 3.11 2.2602
137 2.93 3.1406600000000013
138 3.27 3.429920000000001
139 2.63 2.1988000000000003
140 3.75 2.876100000000001
141 3.73 4.060500000000002
142 3.08 2.22762
143 3.33 2.534300000000001
144 3.42 3.3488000000000024
145 3.59 2.3865
146 3.74 3.4068000000000014
147 3.12 3.1531400000000014
148 4.83 4.019400000000004
149 3.08 2.28352
150 4.3 2.925300000000001
151 3.54 3.3072000000000026
152 4.52 2.7399000000000013
153 5.16 3.142100000000002
154 1.04 0.8432000000000004
155 3.8 1.9606
156 4.09 3.398060000000001
157 2.14 3.3184000000000013
158 4.73 2.0345000000000004
159 3.44 2.836380000000001
160 3.85 4.097400000000002
161 4.34 4.329700000000002
162 3.48 2.553300000000001
163 5.13 4.439000000000004
164 4.44 4.524220000000003
165 4.82 3.943080000000002
166 3.72 3.033920000000002
167 2.19 2.3259
168 2.48 3.5798000000000023
169 2.56 2.4247000000000005
170 1.85 2.2738000000000005
171 4.05 4.247140000000003
172 3.95 3.2584000000000017
173 4.15 3.6804200000000016
174 2.84 2.5773
175 3.31 3.309400000000002
176 4.8 2.0800999999999994
177 4.9 3.887400000000002
178 4.34 3.015740000000002
179 3.56 3.4635000000000025
180 2.47 1.8580999999999999
181 4.92 2.5525
182 2.55 3.4440000000000017
183 1.98 2.2181999999999995
184 3.56 3.260620000000002
185 4.34 4.237060000000003
186 4.98 3.5912000000000024
187 3.43 2.0635
188 1.56 2.522920000000001
189 4.38 4.3888200000000035
190 4.96 4.022820000000003
191 4.47 2.5543400000000007
192 3.9 3.567000000000002
193 2.41 2.574880000000001
194 3.9 2.2946
195 4.33 1.5565999999999995
196 3.35 0.6105400000000003
197 2.0 0.38610000000000033
198 4.69 3.6071000000000017
199 3.67 2.2505000000000006
200 3.28 2.1937999999999995
201 3.17 0.4486000000000001
202 4.27 3.919400000000003
203 5.53 5.545500000000005
204 4.2 3.076900000000002
205 4.22 3.1343000000000014
206 2.12 1.1454999999999995
207 4.43 3.518900000000002
208 3.78 1.9326999999999994
209 4.04 3.7150000000000025
210 2.27 2.0981
211 3.81 2.806400000000001
212 3.6 3.0429000000000013
213 3.93 2.906900000000001
214 4.78 4.197720000000003
215 4.34 3.1792000000000016
216 3.18 2.621200000000001
217 3.66 2.4103000000000003
218 2.09 3.0961200000000018
219 4.34 3.3073000000000023
220 3.68 3.0787000000000013
221 3.64 2.1075
222 4.01 2.873420000000001
223 3.38 3.0393
224 4.77 3.9912000000000027
225 2.0 2.4717000000000002
226 2.78 2.24664
227 3.11 2.703500000000001
228 2.48 1.1126999999999998
229 4.09 3.8877000000000024
230 4.32 3.664100000000002
231 5.09 3.5970400000000025
232 4.17 3.9246000000000025
233 4.55 3.4997000000000025
234 2.69 2.922019999999999
235 2.98 2.3585200000000004
236 4.48 3.2162000000000015
237 4.22 3.620600000000003
238 4.27 2.426400000000001
239 4.75 4.201960000000002
240 4.73 4.256000000000003
241 3.61 2.1963999999999997
242 3.64 2.5756000000000006
243 3.11 2.7479000000000013
